475 32 3 3 3 
476 32 
478 32 1 3 3 
479 32 
481 16 32 1 1 
482 16 
484 96 16 1 1 
485 96 
487 96 1 3 3 
488 96 
490 24 96 1 1 
491 24 
493 144 24 1 1 
494 144 
496 144 1 3 3 
497 144 
499 24 144 1 1 
500 24 
502 144 24 1 1 
503 144 
505 144 1 3 3 
506 144 
508 32 144 1 1 
509 32 
511 192 32 1 1 
512 192 
514 192 1 3 3 
515 192 
517 32 192 1 1 
518 32 
520 192 32 1 1 
521 192 
523 192 1 3 3 
524 192 
526 32 192 1 1 
527 32 
529 192 32 1 1 
530 192 
532 192 1 3 3 
533 192 
535 64 192 1 1 
536 64 
538 384 64 1 1 
539 384 
541 384 1 3 3 
542 384 
544 64 384 1 1 
545 64 
547 384 64 1 1 
548 384 
550 384 1 3 3 
551 384 
553 64 384 1 1 
554 64 
556 384 64 1 1 
557 384 
559 384 1 3 3 
560 384 
562 64 384 1 1 
563 64 
565 384 64 1 1 
566 384 
568 384 1 3 3 
569 384 
571 96 384 1 1 
572 96 
574 576 96 1 1 
575 576 
577 576 1 3 3 
578 576 
580 96 576 1 1 
581 96 
583 576 96 1 1 
584 576 
586 576 1 3 3 
587 576 
589 96 576 1 1 
590 96 
592 576 96 1 1 
593 576 
595 576 1 3 3 
596 576 
598 160 576 1 1 
599 160 
601 960 160 1 1 
602 960 
604 960 1 3 3 
605 960 
607 160 960 1 1 
608 160 
610 960 160 1 1 
611 960 
613 960 1 3 3 
614 960 
616 160 960 1 1 
617 160 
619 960 160 1 1 
620 960 
622 960 1 3 3 
623 960 
625 320 960 1 1 
626 320 
628 1280 320 1 1 
629 1280 
471 2 
classifier.1.weight 1000 1280 
classifier.1.bias 1000 
